\begin{table}[t]
\fontsize{12.0pt}{14.4pt}\selectfont
\begin{tabular*}{\linewidth}{@{\extracolsep{\fill}}lrrrrr}
\toprule
SDG & Annotators & Positive & Negative & Undecided & Alignment \\ 
\midrule\addlinespace[2.5pt]
1 & 3.00 & 27 & 50 & 23 & 0.820 \\ 
2 & 3.52 & 45 & 24 & 31 & 0.790 \\ 
3 & 2.98 & 28 & 48 & 24 & 0.787 \\ 
4 & 2.99 & 43 & 39 & 18 & 0.877 \\ 
5 & 3.62 & 35 & 34 & 31 & 0.782 \\ 
6 & 3.59 & 48 & 37 & 15 & 0.876 \\ 
7 & 3.11 & 50 & 50 & 0 & 0.948 \\ 
8 & 3.00 & 38 & 36 & 26 & 0.800 \\ 
9 & 3.00 & 28 & 29 & 43 & 0.673 \\ 
10 & 4.50 & 29 & 32 & 39 & 0.687 \\ 
11 & 3.00 & 27 & 42 & 31 & 0.760 \\ 
12 & 3.05 & 44 & 39 & 17 & 0.818 \\ 
13 & 3.09 & 33 & 32 & 35 & 0.729 \\ 
14 & 2.98 & 35 & 49 & 16 & 0.840 \\ 
15 & 3.94 & 41 & 30 & 29 & 0.770 \\ 
16 & 3.94 & 35 & 33 & 32 & 0.755 \\ 
17 & 3.55 & 31 & 33 & 36 & 0.705 \\ 
Total & 56.86 & 617 & 637 & 446 & 13.417 \\ 
\bottomrule
\end{tabular*}
\end{table}

